0 20150720
0 20150722
0 20150723
0 20150724
0 20150727
0 20150728
0 20150729
0 20150731
0 20150803
0 20150804
0 20150805
0 20150806
0 20150807
0 20150810
0 20150811
1 20150812
0 20150813
0 20150817
0 20150818
0 20150819
0 20150820
0 20150821
0 20150824
0 20150825
1 20150826
0 20150827
0 20150828
0 20150831
1 20150901
0 20150902
0 20150903
0 20150904
0 20150907
1 20150908
0 20150909
0 20150910
0 20150911
0 20150914
0 20150915
0 20150916
0 20150917
0 20150918
0 20150921
0 20150922
0 20150923
0 20150924
0 20150925
0 20150930
0 20151001
0 20151002
0 20151005
0 20151006
0 20151007
0 20151008
1 20151012
0 20151013
0 20151014
0 20151015
0 20151016
0 20151019
0 20151020
0 20151021
0 20151022
0 20151023
0 20151026
0 20151027
0 20151028
0 20151029
0 20151030
0 20151102
0 20151103
0 20151104
1 20151105
0 20151106
0 20151109
0 20151110
0 20151111
0 20151112
0 20151113
0 20151116
0 20151117
0 20151118
0 20151119
0 20151120
0 20151123
0 20151124
0 20151125
0 20151126
0 20151127
0 20151130
0 20151201
0 20151202
0 20151203
0 20151204
0 20151207
1 20151208
0 20151209
1 20151210
1 20151211
0 20151214
1 20151215
0 20151216
0 20151217
0 20151218
0 20151221
0 20151222
0 20151223
0 20151224
0 20151228
0 20151230
1 20160105
0 20160106
0 20160107
0 20160108
0 20160111
0 20160112
0 20160113
0 20160114
0 20160115
0 20160118
0 20160119
0 20160120
0 20160121
0 20160122
1 20160125
0 20160126
0 20160127
0 20160128
0 20160129
0 20160202
0 20160203
0 20160204
0 20160205
0 20160211
0 20160212
0 20160215
1 20160216
0 20160217
1 20160218
0 20160219
0 20160222
0 20160223
0 20160224
0 20160225
0 20160226
0 20160229
0 20160302
0 20160303
0 20160304
0 20160307
0 20160308
0 20160309
0 20160310
0 20160311
0 20160314
0 20160315
0 20160316
0 20160317
0 20160318
1 20160321
1 20160322
