20150720
20150722
20150723
20150724
20150727
20150728
20150729
20150731
20150803
20150804
20150805
20150806
20150807
20150810
20150811
20150813
20150817
20150818
20150819
20150820
20150821
20150824
20150825
20150827
20150828
20150831
20150902
20150903
20150904
20150907
20150909
20150910
20150911
20150914
20150915
20150916
20150917
20150918
20150921
20150922
20150923
20150924
20150925
20150930
20151001
20151002
20151005
20151006
20151007
20151008
20151013
20151014
20151015
20151016
20151019
20151020
20151021
20151022
20151023
20151026
20151027
20151028
20151029
20151030
20151102
20151103
20151104
20151106
20151109
20151110
20151111
20151112
20151113
20151116
20151117
20151118
20151119
20151120
20151123
20151124
20151125
20151126
20151127
20151130
20151201
20151202
20151203
20151204
20151207
20151209
20151214
20151216
20151217
20151218
20151221
20151222
20151223
20151224
20151228
20151230
20160106
20160107
20160108
20160111
20160112
20160113
20160114
20160115
20160118
20160119
20160120
20160121
20160122
20160126
20160127
20160128
20160129
20160202
20160203
20160204
20160205
20160211
20160212
20160215
20160217
20160219
20160222
20160223
20160224
20160225
20160226
20160229
20160302
20160303
20160304
20160307
20160308
20160309
20160310
20160311
20160314
20160315
20160316
20160317
20160318
